Métodos de Ordenação                     Arquivo ordenado                                                                   Arquivo em ordem Reversa                                                           Arquivo Randomico                                                                 
                                         Comp Prog.*     Comp Equa*      Movi Prog*      Movi equs       Tempo              Comp Prog.*     Comp Equa*      Movi Prog*      Movi equa       Tempo              Comp Prog.*     Comp Equa*      Movi Prog*      Movi equs       Tempo             
------------------------------------------------------------------------------------------------------------------------------------------------------------------------------------------------------------------------------------------------------------------------------------------
Inserção Direta                          1023            262399          1023            262399          11                 1023            1023            1023            3069            13                 524799          1049596         524799          525822          5040              
Seleção Direta                           523776          1048064         2046            1048064         3017               523776          1048064         2046            3069            3787               523776          1048064         2046            341             3227              
Bolha                                    1023            523776          0               523776          6                  1023            523776          0               0               6                  523776          523776          1047552         1571328         6579              
Quick Com Pivo                           9228            0               1024            0               34                 9228            0               1024            0               33                 9238            0               2048            0               46                
Quick Sem Pivo                           524799          0               2046            0               1514               524799          0               2046            0               1422               525311          0               3070            0               1466              
Shell                                    5601            0               5601            0               69                 5601            0               5601            0               67                 10031           0               10031           0               92                
Heap                                     524288          0               18684           0               2942               524288          0               18684           0               2854               524288          0               16916           0               2848              
Merge Primeira Implementação             9217            0               20480           0               189                9217            0               20480           0               201                9217            0               20480           0               177               
Merge Segunda Implementação              5120            0               20480           0               167                5120            0               20480           0               175                5120            0               20480           0               155               
Shake Sort                               2045            0               0               0               11                 2045            0               0               0               12                 523776          0               523264          0               6777              
Couting                                  1024            0               3072            0               38                 1024            0               3073            0               40                 1024            0               3073            0               42                
Gnome                                    1023            0               0               0               9                  1023            0               0               0               11                 1048575         0               1047552         0               14669             
Bucket                                   20              0               2048            0               14                 20              0               2048            0               13                 20              0               2048            0               16                
Comb                                     40431           0               0               0               111                40431           0               0               0               117                42073           0               3284            0               123               
Radix                                    4140            0               8192            0               28                 4140            0               8192            0               28                 4140            0               8192            0               28                
Inserção Binaria                         9217            3072            0               3072            32                 9217            3072            0               3069            28                 8715            3072            524799          525822          3167              
Tim                                      15515           0               10240           0               121                15515           0               10240           0               118                15515           0               10240           0               240               
